805
313 334
98 48
360 272
235 188
458 376
511 345
51 205
253 454
244 159
10 258
64 200
306 94
407 720
270 544
419 431
477 794
14 451
179 788
318 207
255 798
113 98
397 502
24 19
298 518
17 462
372 22
529 533
420 796
162 277
5 62
4 250
565 209
268 172
17 27
393 649
490 770
684 582
286 480
508 626
215 67
411 711
567 405
2 55
455 367
228 77
516 59
357 746
130 99
162 89
433 350
213 255
301 53
19 802
269 729
457 131
476 141
98 527
328 87
199 127
398 60
289 356
650 512
260 2
432 254
374 310
19 49
319 58
185 108
124 72
85 719
503 550
10 146
39 11
363 407
587 182
1 8
44 129
243 84
209 171
252 148
449 745
14 5
24 339
427 705
645 437
302 411
41 4
184 230
150 368
22 38
32 779
406 35
31 666
651 402
121 90
598 551
97 276
483 559
59 421
481 275
318 423
2 66
493 388
416 19
125 290
2 1
197 359
120 547
210 750
716 540
182 477
138 575
722 212
388 225
604 201
580 275
289 717
83 274
23 22
453 471
509 665
76 28
104 17
12 417
638 333
392 538
562 288
636 698
288 155
224 632
208 320
90 530
111 612
20 401
402 615
110 660
135 161
662 285
410 200
658 780
45 1
652 146
271 211
541 427
226 278
185 295
263 29
79 136
307 59
53 294
262 168
138 732
583 550
263 404
224 158
597 433
323 576
236 148
178 149
551 535
509 353
762 792
386 112
332 222
131 104
63 247
668 256
181 272
105 80
24 554
227 605
315 340
607 764
546 231
15 109
326 144
114 150
343 603
94 380
212 420
248 42
695 137
108 186
381 537
120 101
171 593
602 426
88 482
453 805
96 234
475 28
88 41
756 436
2 594
224 757
91 763
197 103
703 210
248 289
491 59
376 10
408 246
5 50
158 54
4 44
215 592
98 496
96 11
172 56
791 157
75 512
161 488
183 229
48 10
205 523
24 266
124 168
436 765
489 569
187 30
18 1
245 676
414 515
12 21
148 100
59 44
170 338
1 5
314 226
581 393
643 783
29 735
351 503
381 5
47 299
274 387
5 108
609 198
546 590
62 144
353 71
588 528
180 5
155 9
103 179
23 101
41 633
782 455
781 708
708 644
760 42
487 800
350 157
85 370
553 766
113 573
232 180
772 21
730 608
267 170
280 521
63 97
60 577
160 95
369 265
555 480
227 74
484 441
419 585
224 553
190 479
154 473
190 70
241 46
65 38
621 284
70 687
493 655
682 330
528 483
226 61
402 175
157 293
51 122
110 6
697 282
284 96
174 139
35 639
563 560
99 751
637 110
50 125
624 256
84 694
8 322
212 186
20 238
7 166
96 154
452 114
285 274
291 60
130 239
50 71
713 677
35 80
769 640
709 542
223 195
615 691
78 106
94 448
461 734
346 335
58 517
25 40
143 140
113 524
272 325
677 546
736 93
629 741
246 465
516 548
114 519
123 231
113 542
36 412
231 341
354 192
37 21
135 111
217 427
272 382
73 777
532 309
692 183
3 4
619 587
391 163
135 208
41 647
188 143
312 208
28 1
492 618
231 280
664 390
83 442
497 379
119 80
114 385
557 107
478 215
352 4
335 706
610 629
341 501
13 47
99 390
437 255
194 183
190 436
311 377
643 168
242 253
501 728
212 418
90 315
284 768
364 349
191 456
300 470
42 622
636 42
17 93
399 383
86 59
266 323
102 336
145 218
123 529
249 16
421 787
635 64
292 57
9 556
701 81
375 498
134 3
329 146
358 270
214 430
333 657
801 82
742 595
137 251
440 215
714 274
371 305
378 215
797 218
82 610
249 749
379 110
347 178
421 507
34 16
547 683
658 414
539 369
74 568
762 64
401 795
90 61
384 224
733 396
449 586
444 24
642 737
750 804
173 755
101 128
164 606
39 61
32 91
608 219
393 204
286 308
225 362
429 147
561 543
536 279
288 296
331 520
70 46
560 137
481 534
545 332
625 228
3 1
164 118
329 464
112 46
246 204
710 202
394 48
190 775
127 1
132 57
639 663
22 183
651 740
73 49
144 446
473 572
191 19
92 640
244 313
22 196
627 281
357 22
344 141
122 324
362 723
42 38
202 51
646 321
78 2
138 24
614 420
298 236
281 162
623 784
216 114
181 117
163 261
480 525
345 631
36 207
115 32
83 14
168 620
435 272
460 62
203 167
11 69
434 379
138 206
407 752
76 403
283 2
210 348
302 215
13 214
232 758
669 331
566 62
17 495
355 163
11 72
19 56
125 459
708 726
26 506
254 216
184 48
20 396
678 529
305 273
63 75
194 220
673 96
405 59
679 63
688 129
8 10
767 59
18 33
147 210
321 3
510 351
672 615
543 273
410 667
217 245
83 92
3 53
631 699
230 413
1 16
30 52
690 276
275 182
641 159
82 14
140 90
63 40
165 522
213 570
361 88
776 411
110 279
13 12
61 680
9 3
103 259
686 141
439 299
11 467
661 520
328 616
94 45
373 648
32 153
170 558
591 26
12 157
159 485
20 11
721 597
126 3
229 311
193 66
114 508
535 307
303 174
337 240
317 37
448 747
660 715
342 171
67 15
468 158
500 24
712 529
704 754
343 186
529 623
540 448
167 118
786 165
25 474
634 535
326 367
29 25
99 9
107 20
505 739
803 196
731 37
12 177
41 89
150 700
613 299
469 174
3 22
707 393
761 165
653 509
489 738
277 753
201 60
400 95
122 654
725 569
297 6
133 145
392 198
579 184
330 426
774 49
278 472
83 443
80 176
46 16
12 2
445 514
724 543
86 204
1 81
138 256
169 35
151 49
590 771
185 453
77 14
154 789
77 463
133 152
345 307
617 365
25 57
8 221
115 578
31 3
670 613
60 681
388 628
26 32
40 58
28 123
242 123
239 799
304 192
702 372
411 685
489 36
43 36
1 611
59 170
218 445
596 630
100 11
373 163
3 111
63 103
576 689
64 58
282 210
213 102
600 85
278 383
441 313
54 15
508 743
274 287
102 40
211 168
349 221
84 15
312 499
270 184
69 175
181 182
118 149
92 116
10 11
449 446
595 213
41 74
397 211
3 656
67 95
156 17
415 132
490 367
584 185
363 63
696 250
305 494
419 348
575 727
6 15
189 180
103 309
4 51
39 60
718 484
273 197
571 530
486 243
132 504
275 790
30 6
269 20
759 748
11 327
482 793
226 589
773 484
36 3
482 675
15 141
48 68
391 450
154 316
38 704
461 46
313 333
3 35
114 23
342 409
599 215
172 219
185 335
54 674
564 479
15 147
6 7
190 240
98 217
